1.444294986109641327e-06
4.478349004607364402e-06
7.662670417327505364e-06
7.662670417327505364e-06
1.291203792944797121e-05
1.291203792944797121e-05
1.674702288058124662e-05
1.875224260390042510e-05
2.923015619068171901e-05
3.579601759987165448e-05
4.721787756233379406e-05
5.913225905081227068e-05
7.155312103777168109e-05
8.449461755593704645e-05
1.168381698975934390e-04
1.476953873211407783e-04
1.535314972854360464e-04
1.778026591661541580e-04
2.061775113596906633e-04
2.291003578337886268e-04
2.562981757774478457e-04
2.915772261317877779e-04
3.574439915044273211e-04
3.991762906567158193e-04
4.345614642171123166e-04
4.915810208811077645e-04
5.548405653421035555e-04
6.072224544709925583e-04
6.478703053736659589e-04
7.412933719360808573e-04
8.040752182008448863e-04
8.539864709464088698e-04
9.055509688969121118e-04
9.854317493438789852e-04
1.139374937087703514e-03
1.252859850892936886e-03
1.323110832573924254e-03
1.371414979392842270e-03
1.464798894480261139e-03
1.567471141613975506e-03
1.660043631197039449e-03
1.728159121868595455e-03
1.770247559503769020e-03
1.921908117069981480e-03
1.988806585866841666e-03
2.065291328655216672e-03
2.151838267840383654e-03
2.265119128709146105e-03
2.389908220561985826e-03
2.492523709666919374e-03
2.589187122444411987e-03
2.679469007097653923e-03
2.781473615599635955e-03
2.848131082547108745e-03
2.945893828843595096e-03
3.036204538487973208e-03
3.128880061032957016e-03
3.245090491727217925e-03
3.342618769276483118e-03
3.487087656421861571e-03
3.566846858514308508e-03
3.683647413725857356e-03
3.803354230845006415e-03
3.901482945339602992e-03
4.014579801336027806e-03
4.117551039634437769e-03
4.236183555817189285e-03
4.317161440081197961e-03
4.482956006526489165e-03
4.666790685844939522e-03
4.854914972581795586e-03
5.062201244596158979e-03
5.365128406822977473e-03
5.520045661479097525e-03
5.757680211903187101e-03
5.887265258394182819e-03
6.036298479836912229e-03
6.239406764882244640e-03
6.377786769713042307e-03
6.536859217216187644e-03
6.717432985102807230e-03
7.012561318129576990e-03
7.069078880563047299e-03
7.242224622688035914e-03
7.438657070365546284e-03
7.619140491128736578e-03
7.782899377167625497e-03
7.970924909277535969e-03
8.226757079704386660e-03
8.400779199733632990e-03
8.578315337384007436e-03
8.872598198406102948e-03
9.057303653313746039e-03
9.316300549076598006e-03
9.604398392318165903e-03
9.873647203574503761e-03
1.009821740427915317e-02
1.025081799750754072e-02
1.058778796483760172e-02
1.082551654850078676e-02
1.093317267763980680e-02
1.112511296718046716e-02
1.148823356034474850e-02
1.165893960335839287e-02
1.183279585488341765e-02
1.209836332417606186e-02
1.230868119545493015e-02
1.261457941262253933e-02
1.283256480403878290e-02
1.299105627729591102e-02
1.331368061805720225e-02
1.351067998298809657e-02
1.384478712199347511e-02
1.411674658058825575e-02
1.435884803299200367e-02
1.456995036052463437e-02
1.467731546988510459e-02
1.515051425280133576e-02
1.540964284309207476e-02
1.563550564182585728e-02
1.597999175351846185e-02
1.636914888936077603e-02
1.644827344067312236e-02
1.668956919983546894e-02
1.693483003108908411e-02
1.722564398608611089e-02
1.743674466302218978e-02
1.795157704191486028e-02
1.821313251163944602e-02
1.856745102794659513e-02
1.897240104200056260e-02
1.933805313561888853e-02
1.980231364201218494e-02
1.994377294749967444e-02
2.032687458177045298e-02
2.057002406684760309e-02
2.126134013335112885e-02
2.171257501756868741e-02
2.196708705252920293e-02
2.232881450919186120e-02
2.269600707093258340e-02
2.285574097261684409e-02
2.323402832893152470e-02
2.367279129119359560e-02
2.406239470853512030e-02
2.434478406959631955e-02
2.503245766301830447e-02
2.532316992191638305e-02
2.555911739474695660e-02
2.573863565799086248e-02
2.634563715211726137e-02
2.646877533654468442e-02
2.665611420203439774e-02
2.678277775658093399e-02
2.710390574436020647e-02
2.716903353271658828e-02
2.743318708746421766e-02
2.770101683770212486e-02
2.837986657756356654e-02
2.872397176245838207e-02
2.942162841795822187e-02
2.984594181022578313e-02
3.034770723854968155e-02
3.085626658251917204e-02
3.159257274109054242e-02
3.211490334359021204e-02
3.249298083755662592e-02
3.295270791005171229e-02
3.388433674660810274e-02
3.451361043218321295e-02
3.507145191717281341e-02
3.531365111349128033e-02
3.572256873293630508e-02
3.605394095322990433e-02
3.689305793327719157e-02
3.740299488344742823e-02
3.774730078407297768e-02
3.827033690847791991e-02
3.862344957823952291e-02
3.907041434967536281e-02
3.970403395834763705e-02
4.089549181620402707e-02
4.145225309095092875e-02
4.210987474086139160e-02
4.268052187716572105e-02
4.325819769512814772e-02
4.442772165306789478e-02
4.521692945759985677e-02
4.621544224980324994e-02
4.682180992861463553e-02
4.774233907552361683e-02
4.867393382569086546e-02
4.982618221125794528e-02
5.046217640113576097e-02
5.089120880932459373e-02
5.154237143001343807e-02
5.198159572945804108e-02
5.264816606124776699e-02
5.332253056387743773e-02
5.389104656034326979e-02
5.446615876471831708e-02
5.516426984989344917e-02
5.598811005776777733e-02
5.670235793038442412e-02
5.742476661866211668e-02
5.827716995443448650e-02
6.000130806673237283e-02
6.049948382132556285e-02
6.188488534593492713e-02
6.252167397000027438e-02
6.342313657862475029e-02
6.394399088142903309e-02
6.499724986500031443e-02
6.606214429227004470e-02
6.673502882277022874e-02
6.768739786299721173e-02
6.782493714721514466e-02
6.838108369788958862e-02
6.936489743366522354e-02
6.979108903890630933e-02
7.079624580503175724e-02
7.181218887558041275e-02
7.254562192218749761e-02
7.313861999265237890e-02
7.418738441047632859e-02
7.524724433234178389e-02
7.540024910498784039e-02
7.570947343381050076e-02
7.680308885583088385e-02
7.838169527730233510e-02
7.901970250186952927e-02
8.014778264086203086e-02
8.063623717919662925e-02
8.112971757952877616e-02
8.212679881900850076e-02
8.246255569473778801e-02
8.263214389438126861e-02
8.331738201809542332e-02
8.435563684248659211e-02
8.453042390055209854e-02
8.488351056443511899e-02
8.595337855266681204e-02
8.739410731561766954e-02
8.812163796739481969e-02
8.885638225983603922e-02
8.978388908423078074e-02
9.034587481601759340e-02
9.091337806383459341e-02
9.148643482359813950e-02
9.283660972114421428e-02
9.361563937387799850e-02
9.381228418769896327e-02
9.500355040257182915e-02
9.600583099341704341e-02
9.641059119322444027e-02
9.804512202011657351e-02
9.866391677278017747e-02
9.970504593025419915e-02
9.991524506444858511e-02
1.005517996584445600e-01
1.011943488442035993e-01
1.022753176690510690e-01
1.022753176690510690e-01
1.029360762025622461e-01
1.042698839966356983e-01
1.049429712427290273e-01
1.056222799404460816e-01
1.060793255197421958e-01
1.070018140221564856e-01
1.081654854194113585e-01
1.084003447096136691e-01
1.095853306939618271e-01
1.107810708862867755e-01
1.117463183022885248e-01
1.119898069847765631e-01
1.134638783624153935e-01
1.144554044998867121e-01
1.154557950430233487e-01
1.174744102926299771e-01
1.179835490618897781e-01
1.187540243921400701e-01
1.192722126352870060e-01
1.208404713839593830e-01
1.216314878600931876e-01
1.224294316472425842e-01
1.229660392635219951e-01
1.251311579434664367e-01
1.267690942351977490e-01
1.270444467232360042e-01
1.281553634922528440e-01
1.303963197611739677e-01
1.312438904145732665e-01
1.338083619689545145e-01
1.343831075103311401e-01
1.349627436118304435e-01
1.352550207748466626e-01
1.376130219468476024e-01
1.385047330674876176e-01
1.397036846001593613e-01
1.400059373145353392e-01
1.415298451787829759e-01
1.424518186715848234e-01
1.433814632545087620e-01
1.452561794664106731e-01
1.462012936453297440e-01
1.487423947623017495e-01
1.490626462432428634e-01
1.503541647336852083e-01
1.513307310446111165e-01
1.523152679337530790e-01
1.543003693727851566e-01
1.563015852109538306e-01
1.569740576142091559e-01
1.583298614728067266e-01
1.600382629783334565e-01
1.607271114783486166e-01
1.617686600294530042e-01
1.642183530178464856e-01
1.659820738254087213e-01
1.670487146763696140e-01
1.706323601427165715e-01
1.717159511111196191e-01
1.735361727002761312e-01
1.742699858417513792e-01
1.761189047777448335e-01
1.772369327964244956e-01
1.787392658637575737e-01
1.798747826878502043e-01
1.806376688255131313e-01
1.814064602020071804e-01
1.829559142231658442e-01
1.833462607821372548e-01
1.837396056704415637e-01
1.857213983319437600e-01
1.877183359818029307e-01
1.893280636631250735e-01
1.905445388902909376e-01
1.917702399957652848e-01
1.942401870216718396e-01
1.958992437771902573e-01
1.971529021607572874e-01
1.988369969351228839e-01
1.988369969351228839e-01
1.992643427965127834e-01
2.014169955038970505e-01
2.018507265082686575e-01
2.031615683755274293e-01
2.040419272447931698e-01
2.067024921249339120e-01
2.080425665177441930e-01
2.098424522232835432e-01
2.112022544394227264e-01
2.121154133199563696e-01
2.125753208900145741e-01
2.135018245575462936e-01
2.144350490983500390e-01
2.153750269363066683e-01
2.167951723918283280e-01
2.191791274318314886e-01
2.201395604847727339e-01
2.215905357235604112e-01
2.225647691363374092e-01
2.230553605821979646e-01
2.245376085932698496e-01
2.270255606877244203e-01
2.280277901486712777e-01
2.290371014369049496e-01
2.300535278345714751e-01
2.310771027018408974e-01
2.331386162519739069e-01
2.346955745505967250e-01
2.362634063766062276e-01
2.383684141923340105e-01
2.410179650640308369e-01
2.410179650640308369e-01
2.437043520472224611e-01
2.453273114768843299e-01
2.464167366522105052e-01
2.480621039591439092e-01
2.497187521376742214e-01
2.508307391342183279e-01
2.519503153827698516e-01
2.525139153593030650e-01
2.553510608295855300e-01
2.570648873771583798e-01
2.587903052200045129e-01
2.605273665050297227e-01
2.634419614902738238e-01
2.634419614902738238e-01
2.646234985991802735e-01
2.652182182203550176e-01
2.658169064856134578e-01
2.676249300627626670e-01
2.694449653874448902e-01
2.718877655946587701e-01
2.725025049901153573e-01
2.743588945247122934e-01
2.756046374027973367e-01
2.768585658367960223e-01
2.781207156056255680e-01
2.806615295268294341e-01
2.819402296141692021e-01
2.825837442277028821e-01
2.825837442277028821e-01
2.858432338716715426e-01
2.871554673760999821e-01
2.878158211142776701e-01
2.911388657427590454e-01
2.931455128041049463e-01
2.951650349884453739e-01
2.965200031638511868e-01
2.985654405785380106e-01
2.999377590826119433e-01
3.006282835507509410e-01
3.020180998685120799e-01
3.041160309583327281e-01
3.055234931989928571e-01
3.090643455443038423e-01
3.104896024412677757e-01
3.119238126364706210e-01
3.140886140027684958e-01
3.162669576857314313e-01
3.177282525922884293e-01
3.177282525922884293e-01
3.177282525922884293e-01
3.184726118329751499e-01
3.192215795030166059e-01
3.199751745842089878e-01
3.230081406368147112e-01
3.260597686565375186e-01
3.291301350387064728e-01
3.306747256867026974e-01
3.306747256867026974e-01
3.322382463876846770e-01
3.330247681142368132e-01
3.353986753037541679e-01
3.353986753037541679e-01
3.353986753037541679e-01
3.370101964234390457e-01
3.402526716053860256e-01
3.410681681254698616e-01
3.451701369886985837e-01
3.468207581730677336e-01
3.476510051907800714e-01
3.484862082790211590e-01
3.501665659645869511e-01
3.510117402849367574e-01
3.518619298448906196e-01
3.544276036467119972e-01
3.570084420906769473e-01
3.587391505728959040e-01
3.596095994918785399e-01
3.613607265997850759e-01
3.631221229698518016e-01
3.640079758210867933e-01
3.648990034126569082e-01
3.666914483027586824e-01
3.666914483027586824e-01
3.685047935977537326e-01
3.685047935977537326e-01
3.703392011390963523e-01
3.703392011390963523e-01
3.721948333924335328e-01
3.749942919859520218e-01
3.759328020135378479e-01
3.787644649782964112e-01
3.797137507638158049e-01
3.844872730558032137e-01
3.864075604809347197e-01
3.893043712420439229e-01
3.912465394836865951e-01
3.922231248366193079e-01
3.951694468037669217e-01
3.961570968719497765e-01
3.981435241306413020e-01
3.991423221755245332e-01
4.011511288831393629e-01
4.031711880733999664e-01
4.062182184969918008e-01
4.113249436520938773e-01
4.164601151701526893e-01
4.164601151701526893e-01
4.185370674764472554e-01
4.185370674764472554e-01
4.206370728135810366e-01
4.216928705870944261e-01
4.238160989110285048e-01
4.248835507839684444e-01
4.259568617294126058e-01
4.259568617294126058e-01
4.270419550605072390e-01
4.292239885050371795e-01
4.292239885050371795e-01
4.336357008904622723e-01
4.347446170477635152e-01
4.369744687534873884e-01
4.403373404196384011e-01
4.414643507235168629e-01
4.437305209982337351e-01
4.437305209982337351e-01
4.460211214288776760e-01
4.460211214288776760e-01
4.471787241969150117e-01
4.506700850317865159e-01
4.506700850317865159e-01
4.541987489167298997e-01
4.565636920089487516e-01
4.565636920089487516e-01
4.577587304046077388e-01
4.589600854767119098e-01
4.589600854767119098e-01
4.638163059702966606e-01
4.638163059702966606e-01
4.638163059702966606e-01
4.662828510333332788e-01
4.662828510333332788e-01
4.687752433257261209e-01
4.737860100191287338e-01
4.788228489487196815e-01
4.788228489487196815e-01
4.800951625509383702e-01
4.826529615329716583e-01
4.826529615329716583e-01
4.826529615329716583e-01
4.878481352973919605e-01
4.904590759288711133e-01
4.917712459632344602e-01
4.917712459632344602e-01
4.917712459632344602e-01
4.957684658961069024e-01
4.971076640250990386e-01
4.997996893305852173e-01
4.997996893305852173e-01
5.011594003040268364e-01
5.011594003040268364e-01
5.011594003040268364e-01
5.025398325266892119e-01
5.039272183266526595e-01
5.039272183266526595e-01
5.039272183266526595e-01
5.095607645695271470e-01
5.095607645695271470e-01
5.095607645695271470e-01
5.109903627535312687e-01
5.109903627535312687e-01
5.124342196857367693e-01
5.153362631320278497e-01
5.182526834866837406e-01
5.182526834866837406e-01
5.182526834866837406e-01
5.212125193055837657e-01
5.212125193055837657e-01
5.271905543547737993e-01
5.301942343851481221e-01
5.332126247939554808e-01
5.362457735318733043e-01
5.377697510797382341e-01
5.423639654201397597e-01
5.439028215249175346e-01
5.454491530857261683e-01
5.454491530857261683e-01
5.485718631318852179e-01
5.501407662392288067e-01
5.532937171973147938e-01
5.532937171973147938e-01
5.580687969197010156e-01
5.596681356285737596e-01
5.628821528694404330e-01
5.644968558839298378e-01
5.644968558839298378e-01
5.661270212900660903e-01
5.677649547718169876e-01
5.694106809677265124e-01
5.710642245553501084e-01
5.743869959471610276e-01
5.777255010666955126e-01
5.810797895031373228e-01
5.844499109236941381e-01
5.861429129986460707e-01
5.861429129986460707e-01
5.878518725768412390e-01
5.895688483716301498e-01
5.895688483716301498e-01
5.930350150775922646e-01
5.930350150775922646e-01
5.930350150775922646e-01
5.947924481655537665e-01
5.947924481655537665e-01
5.947924481655537665e-01
5.965744580020159171e-01
6.019452161484182273e-01
6.019452161484182273e-01
6.037520308002264358e-01
6.037520308002264358e-01
6.073989876388979914e-01
6.092308362262229826e-01
6.110710805563698278e-01
6.129197462431837939e-01
6.166339716358596457e-01
6.184995570335907189e-01
6.184995570335907189e-01
6.203821650657632691e-01
6.222733231090085138e-01
6.241730570112434817e-01
6.279897283075521752e-01
6.279897283075521752e-01
6.299153452643810880e-01
6.318496418619895527e-01
6.318496418619895527e-01
6.318496418619895527e-01
6.318496418619895527e-01
6.338189178426121284e-01
6.338189178426121284e-01
6.338189178426121284e-01
6.358147033137233617e-01
6.358147033137233617e-01
6.358147033137233617e-01
6.358147033137233617e-01
6.358147033137233617e-01
6.378551981103811608e-01
6.399047141494665913e-01
6.419632779811139667e-01
6.440309161944693939e-01
6.440309161944693939e-01
6.440309161944693939e-01
6.440309161944693939e-01
6.461351186063609697e-01
6.461351186063609697e-01
6.461351186063609697e-01
6.482670252647809717e-01
6.482670252647809717e-01
6.482670252647809717e-01
6.504268782809136118e-01
6.525961007341588571e-01
6.569533386294560406e-01
6.569533386294560406e-01
6.569533386294560406e-01
6.591603097941807210e-01
6.635932623510051309e-01
6.635932623510051309e-01
6.658288306528578060e-01
6.658288306528578060e-01
6.658288306528578060e-01
6.703576534775738116e-01
6.703576534775738116e-01
6.703576534775738116e-01
6.703576534775738116e-01
6.703576534775738116e-01
6.726706862091631489e-01
6.726706862091631489e-01
6.820013841431595836e-01
6.820013841431595836e-01
6.820013841431595836e-01
6.820013841431595836e-01
6.891182569792534407e-01
6.915005216339142891e-01
6.938927879134274557e-01
6.986973796312943019e-01
7.035220864951621245e-01
7.035220864951621245e-01
7.059546392098856593e-01
7.059546392098856593e-01
7.084075036498640454e-01
7.084075036498640454e-01
7.084075036498640454e-01
7.084075036498640454e-01
7.084075036498640454e-01
7.109116413868975526e-01
7.109116413868975526e-01
7.159613323242491889e-01
7.159613323242491889e-01
7.185069993714664482e-01
7.210631199980717110e-01
7.210631199980717110e-01
7.262173471194237617e-01
7.288050001128066890e-01
7.314032212346935902e-01
7.314032212346935902e-01
7.340226648570280510e-01
7.366527629293301294e-01
7.366527629293301294e-01
7.366527629293301294e-01
7.366527629293301294e-01
7.366527629293301294e-01
7.366527629293301294e-01
7.366527629293301294e-01
7.366527629293301294e-01
7.366527629293301294e-01
7.393800540658245213e-01
7.421182899262817045e-01
7.476167095790535733e-01
7.476167095790535733e-01
7.476167095790535733e-01
7.476167095790535733e-01
7.504101084690530943e-01
7.560191477709291563e-01
7.588348176588438632e-01
7.616616672987853720e-01
7.616616672987853720e-01
7.616616672987853720e-01
7.616616672987853720e-01
7.616616672987853720e-01
7.645448597900350585e-01
7.645448597900350585e-01
7.645448597900350585e-01
7.645448597900350585e-01
7.645448597900350585e-01
7.645448597900350585e-01
7.645448597900350585e-01
7.675081828285985619e-01
7.675081828285985619e-01
7.675081828285985619e-01
7.705062970831580982e-01
7.735160686361863824e-01
7.735160686361863824e-01
7.765492453599293077e-01
7.765492453599293077e-01
7.765492453599293077e-01
7.765492453599293077e-01
7.796295958125477599e-01
7.827218156306734453e-01
7.827218156306734453e-01
7.858378655728438522e-01
7.920938871303080386e-01
7.920938871303080386e-01
7.920938871303080386e-01
7.920938871303080386e-01
7.920938871303080386e-01
7.920938871303080386e-01
7.920938871303080386e-01
7.953064818641628619e-01
7.985312830739214052e-01
8.050053602061900682e-01
8.050053602061900682e-01
8.050053602061900682e-01
8.050053602061900682e-01
8.050053602061900682e-01
8.083040501267051425e-01
8.083040501267051425e-01
8.083040501267051425e-01
8.083040501267051425e-01
8.083040501267051425e-01
8.083040501267051425e-01
8.083040501267051425e-01
8.083040501267051425e-01
8.083040501267051425e-01
8.083040501267051425e-01
8.083040501267051425e-01
8.083040501267051425e-01
8.083040501267051425e-01
8.083040501267051425e-01
8.083040501267051425e-01
8.117923807980348405e-01
8.117923807980348405e-01
8.117923807980348405e-01
8.117923807980348405e-01
8.117923807980348405e-01
8.224517490155769384e-01
8.224517490155769384e-01
8.224517490155769384e-01
8.224517490155769384e-01
8.260572792811025078e-01
8.260572792811025078e-01
8.296892054587535759e-01
8.296892054587535759e-01
8.296892054587535759e-01
8.296892054587535759e-01
8.296892054587535759e-01
8.296892054587535759e-01
8.371129779687483952e-01
8.371129779687483952e-01
8.371129779687483952e-01
8.371129779687483952e-01
8.446446573920828316e-01
8.446446573920828316e-01
8.484376687899057856e-01
8.522443149068043011e-01
8.522443149068043011e-01
8.522443149068043011e-01
8.522443149068043011e-01
8.561058266502677983e-01
8.599811366829990256e-01
8.599811366829990256e-01
8.599811366829990256e-01
8.599811366829990256e-01
8.599811366829990256e-01
8.599811366829990256e-01
8.599811366829990256e-01
8.679267757077347989e-01
8.679267757077347989e-01
8.679267757077347989e-01
8.679267757077347989e-01
8.679267757077347989e-01
8.679267757077347989e-01
8.679267757077347989e-01
8.679267757077347989e-01
8.720130216551811309e-01
8.720130216551811309e-01
8.720130216551811309e-01
8.761423528111641490e-01
8.802861127178931433e-01
8.844443349476716065e-01
8.844443349476716065e-01
8.844443349476716065e-01
8.844443349476716065e-01
8.844443349476716065e-01
8.844443349476716065e-01
8.844443349476716065e-01
8.844443349476716065e-01
8.844443349476716065e-01
8.844443349476716065e-01
8.844443349476716065e-01
8.887638696604792665e-01
8.887638696604792665e-01
8.887638696604792665e-01
8.887638696604792665e-01
8.887638696604792665e-01
8.887638696604792665e-01
8.931731257472284025e-01
8.975974551295526904e-01
8.975974551295526904e-01
8.975974551295526904e-01
8.975974551295526904e-01
8.975974551295526904e-01
9.020976664729825067e-01
9.020976664729825067e-01
9.020976664729825067e-01
9.020976664729825067e-01
9.020976664729825067e-01
9.020976664729825067e-01
9.020976664729825067e-01
9.113134595574113872e-01
9.113134595574113872e-01
9.113134595574113872e-01
9.113134595574113872e-01
9.113134595574113872e-01
9.113134595574113872e-01
9.113134595574113872e-01
9.113134595574113872e-01
9.160465125791104057e-01
9.160465125791104057e-01
9.208112048781755821e-01
9.208112048781755821e-01
9.208112048781755821e-01
9.208112048781755821e-01
9.208112048781755821e-01
9.208112048781755821e-01
9.208112048781755821e-01
9.256877446077843574e-01
9.256877446077843574e-01
9.256877446077843574e-01
9.306127498434737522e-01
9.306127498434737522e-01
9.355702431611211400e-01
9.405440339601550681e-01
9.405440339601550681e-01
9.405440339601550681e-01
9.405440339601550681e-01
9.405440339601550681e-01
9.405440339601550681e-01
9.405440339601550681e-01
9.405440339601550681e-01
9.405440339601550681e-01
9.405440339601550681e-01
9.405440339601550681e-01
9.405440339601550681e-01
9.405440339601550681e-01
9.405440339601550681e-01
9.405440339601550681e-01
9.405440339601550681e-01
9.405440339601550681e-01
9.405440339601550681e-01
9.405440339601550681e-01
9.405440339601550681e-01
9.458513188533752558e-01
9.458513188533752558e-01
9.511927501087230619e-01
9.565513093314578219e-01
9.565513093314578219e-01
9.565513093314578219e-01
9.565513093314578219e-01
9.565513093314578219e-01
9.565513093314578219e-01
9.565513093314578219e-01
9.565513093314578219e-01
9.620482123146396614e-01
9.620482123146396614e-01
9.620482123146396614e-01
9.620482123146396614e-01
9.620482123146396614e-01
9.620482123146396614e-01
9.676504213355964223e-01
9.732703110636796717e-01
9.789079186603020233e-01
9.789079186603020233e-01
9.789079186603020233e-01
9.789079186603020233e-01
9.789079186603020233e-01
9.789079186603020233e-01
9.789079186603020233e-01
9.789079186603020233e-01
9.789079186603020233e-01
9.789079186603020233e-01
9.789079186603020233e-01
9.789079186603020233e-01
9.789079186603020233e-01
9.789079186603020233e-01
9.789079186603020233e-01
9.789079186603020233e-01
9.789079186603020233e-01
9.789079186603020233e-01
9.789079186603020233e-01
9.789079186603020233e-01
9.789079186603020233e-01
9.789079186603020233e-01
9.789079186603020233e-01
9.789079186603020233e-01
9.849820049569129043e-01
9.849820049569129043e-01
9.849820049569129043e-01
9.849820049569129043e-01
9.849820049569129043e-01
9.849820049569129043e-01
9.849820049569129043e-01
9.849820049569129043e-01
9.849820049569129043e-01
9.849820049569129043e-01
9.849820049569129043e-01
9.849820049569129043e-01
9.849820049569129043e-01
9.849820049569129043e-01
9.849820049569129043e-01
9.849820049569129043e-01
9.849820049569129043e-01
9.849820049569129043e-01
9.849820049569129043e-01
9.849820049569129043e-01
9.849820049569129043e-01
9.849820049569129043e-01
9.849820049569129043e-01
9.849820049569129043e-01
9.849820049569129043e-01
9.849820049569129043e-01
9.849820049569129043e-01
9.849820049569129043e-01
9.849820049569129043e-01
9.849820049569129043e-01
9.849820049569129043e-01
9.849820049569129043e-01
9.849820049569129043e-01
9.849820049569129043e-01
9.849820049569129043e-01
9.849820049569129043e-01
9.849820049569129043e-01
9.849820049569129043e-01
9.849820049569129043e-01
9.849820049569129043e-01
9.849820049569129043e-01
9.849820049569129043e-01
9.849820049569129043e-01
9.849820049569129043e-01
9.849820049569129043e-01
9.849820049569129043e-01
9.849820049569129043e-01
9.849820049569129043e-01
9.849820049569129043e-01
9.849820049569129043e-01
9.849820049569129043e-01
9.849820049569129043e-01
9.849820049569129043e-01
9.849820049569129043e-01
9.849820049569129043e-01
9.849820049569129043e-01
9.849820049569129043e-01
9.849820049569129043e-01
9.849820049569129043e-01
9.849820049569129043e-01
9.849820049569129043e-01
9.922655914240883224e-01
9.922655914240883224e-01
9.922655914240883224e-01
9.922655914240883224e-01
9.922655914240883224e-01
9.922655914240883224e-01
9.922655914240883224e-01
9.922655914240883224e-01
9.922655914240883224e-01
9.922655914240883224e-01
9.922655914240883224e-01
9.922655914240883224e-01
9.922655914240883224e-01
9.922655914240883224e-01
9.922655914240883224e-01
9.922655914240883224e-01
9.922655914240883224e-01
9.922655914240883224e-01
9.922655914240883224e-01
9.922655914240883224e-01
9.922655914240883224e-01
1.000000000000000444e+00
